if not game:IsLoaded() then game.Loaded:Wait() end
repeat wait() until game.Players.LocalPlayer and game.Players.LocalPlayer.PlayerGui:FindFirstChild("Main")
local Library = nil
if game:GetService("RunService"):IsStudio() then
	Library = require(script.ASDFGHJ)
else
	if getgenv().Library then
		getgenv().Library:Unload()
	end
	getgenv().Library = loadstring(readfile("Library.txt"))()
	Library = getgenv().Library
end

local window = Library.CreateWindow({
	Title = {
		Name = 'SiON HUB',
		Category = '| Blox Fruits [Version 1.0]'
	},
	Show = false,
})

local Front,Back = "* "," *"
local Tabs = {
	Genaral = window:AddTab('Genaral'),
	Players = window:AddTab('Player'),
	Miscellaneous = window:AddTab('Miscellaneous'),
	Settings = window:AddTab('Settings'),
}

do
	do -- Genaral
		local automain = Tabs.Genaral:AddSubTab({Name = Front..'Auto Farm'..Back,Side = 1})
		do-- Farm Level
			local AutoFarm = automain:AddGroupbox(Front..'Auto Farm Level'..Back)
			AutoFarm:AddBlank(5)
			AutoFarm:AddDropdown("Select Quests",{
				Values = {}
			})
			AutoFarm:AddToggle("Auto Farm")
			AutoFarm:AddBlank(10)
			AutoFarm:AddDropdown("Select Bosses",{
				Values = {}
			})
			AutoFarm:AddToggle("Auto Farm Boss")
			AutoFarm:AddToggle("Hop Server [Bosses]")
			local Special = automain:AddGroupbox(Front..'Special'..Back)
			Special:AddBlank(5)
			Special:AddToggle("Auto Legendary Sword")
			Special:AddToggle("Auto Enhancement")
			local FightingStyle = automain:AddGroupbox(Front..'Fighting Style'..Back)
			FightingStyle:AddToggle("Auto Death Step")
			FightingStyle:AddToggle("Auto Electric Claw")
			FightingStyle:AddToggle("Auto Sharkman Karate")
			FightingStyle:AddToggle("Auto Dragon Talon")
			FightingStyle:AddToggle("Auto Superhuman") 
			FightingStyle:AddToggle("Auto Godhuman")
			local Sword = automain:AddGroupbox(Front..'Sword'..Back)
			Sword:AddToggle("Auto Saber")
		end
		do -- Mics
			local Option = Tabs.Genaral:AddRightGroupbox(Front..'Option'..Back)
			Option:AddBlank(2)
			Option:AddDropdown("Select Auto Stats",{
				Values = {
					"None",
					"Melee",
					"Defense",
					"Sword",
					"Gun",
					"Blox Fruit",
				}
			})
			Option:AddDropdown("Select Weapon",{
				Values = {}
			})
			Option:AddButton("Refresh")
			Option:AddBlank(10)
			Option:AddDropdown("Select Code",{
				Values = {
					'[x2 Exp]',
					'[Reset Stats]',
					'[All]'
				}
			})
			Option:AddButton("Redeem Code")
			local Mics = Tabs.Genaral:AddRightGroupbox(Front..'Mics'..Back)
			Mics:AddToggle("Auto Rainbow Haki")
			Mics:AddToggle("Auto Farm Observation Haki")
			Mics:AddToggle("Auto Farm Observation Haki [Hop]")
			local AutoFarmSetting = Tabs.Genaral:AddRightGroupbox(Front..'Setting'..Back)
			AutoFarmSetting:AddToggle("FastAttack")
			AutoFarmSetting:AddToggle("Bring Mob")
		end
		do-- Others
			local autoother = automain:AddTab(Front..'Auto Other'..Back)
			local automastery = autoother:AddGroupbox(Front..'Mastery Farm'..Back)
			automastery:AddBlank(5)
			automastery:AddToggle("Auto Mastery Fruit")
			automastery:AddToggle("Auto Mastery Gun")
			automastery:AddBlank(5)
			automastery:AddSlider("Health: [Value]/MaxHealth",{
				Default = 30,
				Min = 0,
				Max = 100,
				Rounding = 0,
				Stext = "Health "
			})
			automastery:AddLabel("Position Settings:")
			automastery:AddBlank(2)
			automastery:AddSlider("MasteryPositionX",{
				Default = 0,
				Min = -100,
				Max = 100,
				Rounding = 0,
				Compact = true,
				Stext = "Position X: "
			})
			automastery:AddBlank(2)
			automastery:AddSlider("MasteryPositionY",{
				Default = 25,
				Min = -100,
				Max = 100,
				Rounding = 0,
				Compact = true,
				Stext = "Position Y: "
			})
			automastery:AddBlank(2)
			automastery:AddSlider("MasteryPositionZ",{
				Default = 0,
				Min = -100,
				Max = 100,
				Rounding = 0,
				Compact = true,
				Stext = "Position Z: "
			})
			local autoraid = autoother:AddGroupbox(Front..'Auto Raid'..Back)
			autoraid:AddDropdown("Select Raid")
			autoraid:AddToggle("Kill Aura")
			autoraid:AddToggle("Auto Buy Chip")
			autoraid:AddToggle("Auto Start Raid")
			autoraid:AddToggle("Auto Next Island")
			autoraid:AddToggle("Auto Awaken Skill")
			autoraid:AddButton("Buy Chip")
			autoraid:AddButton("Start Dungeon")
			local World = autoother:AddGroupbox(Front..'Auto New World'..Back)
			World:AddToggle("Auto to World 2")
			World:AddToggle("Auto to World 3")
			local Misc = autoother:AddGroupbox(Front..'Misc'..Back)
			Misc:AddToggle("Esp Fruits")
			Misc:AddToggle("Auto Grap Fruits")
			Misc:AddToggle("Auto Store Fruits")
		end
		do -- Events
			local autoevent = automain:AddTab(Front..'Auto Events'..Back)
			local Prince = autoevent:AddGroupbox(Front..'Cake Prince'..Back)
			Prince:AddBlank(2)
			cakeprincekilled = Prince:AddLabel("Killed: 0")
			Prince:AddToggle("Auto Farm Cake Prince")
			local eh = autoevent:AddGroupbox(Front..'Elite Hunter'..Back)
			eh:AddBlank(2)
			ehcheck = eh:AddLabel("Elite Hunter: None")
			totaleh = eh:AddLabel("Total: 0")
			eh:AddToggle("Auto Farm Elite Hunter")
			eh:AddToggle("Auto Farm Elite Hunter [Hop]")
			local Indra = autoevent:AddGroupbox(Front..'Rip Indra'..Back)
			Indra:AddBlank(2)
			Indra:AddLabel("Rip Indra: None")
			Indra:AddToggle("Auto Farm Indra")
			Indra:AddToggle("Auto Farm Indra [Hop]")
			local serverevents = autoevent:AddGroupbox(Front..'Server Events'..Back)
			serverevents:AddBlank(2)
			-- serverevents:AddToggle("Auto Pirate Raid")
			-- serverevents:AddToggle("Auto Pirate Raid [Hop]")
			serverevents:AddToggle("Auto Factory")
			serverevents:AddToggle("Auto Factory [Hop]")
		end
	end
	do -- Players
		local Players = Tabs.Players:AddLeftGroupbox(Front..'Players'..Back)
		Players:AddBlank(5)
		Players:AddDropdown("Select Players")
		Players:AddToggle("Spectate")
		Players:AddToggle("ESP Players")
		local Aimbot = Tabs.Players:AddLeftGroupbox(Front..'Aimbot'..Back)
		Aimbot:AddBlank(5)
		aimbottarget = Aimbot:AddLabel("Target: None")
		Aimbot:AddLabel('Lock Target Key'):AddKeyPicker('LockTarget', { Default = 'T', NoUI = true })
		Aimbot:AddToggle("Aimbot Skill")
		Aimbot:AddToggle("Aimbot Gun")
		Aimbot:AddSlider("Aimbot Distance",{
			Default = 1000,
			Min = 0,
			Max = 5000,
			Rounding = 0
		})
		Aimbot:AddSlider("Aimbot FOV",{
			Default = 100,
			Min = 0,
			Max = 500,
			Rounding = 0
		})
		Aimbot:AddDropdown("Aimbot Mode",{
			Values = {
				"None",
				"Automatic",
				"FOV"
			}
		})
		Aimbot:AddDropdown("Aimbot Method",{
			Values = {
				"Cursor",
				"Distance"
			}
		})
		Aimbot:AddDropdown("Aimbot Ignore",{
			Values = {
				"Allies",
				"Friends",
				"Crew"
			},
			Multi = true,
			Text = "Ignore"
		})
		local TpGroup = Tabs.Players:AddRightGroupbox(Front.."Teleport"..Back)
		TpGroup:AddBlank(5)
		TpGroup:AddButton("Teleport to Sea 1")
		TpGroup:AddButton("Teleport to Sea 2")
		TpGroup:AddButton("Teleport to Sea 3")
		TpGroup:AddBlank(10)
		TpGroup:AddDropdown("Select Location Teleport")
		TpGroup:AddButton("Bypass")
		TpGroup:AddButton("Tween")
		TpGroup:AddButton("Stop Tween")
		local PlayerSettings = Tabs.Players:AddRightGroupbox(Front.."Player Settings"..Back)
		PlayerSettings:AddToggle("Auto Buso")
	end
	do -- Miscellaneous
		local Misc1 = Tabs.Miscellaneous:AddSubTab({Name = Front..'Shop'..Back,Side = 1})
		local Misc2 = Misc1:AddTab(Front..'Fighting Style'..Back)
		local Sword1 = Misc1:AddGroupbox(Front..'Sword [World: 1]'..Back)
		Sword1:AddButton("Cutlass [$1K]")
		Sword1:AddButton("Katana [$1K]")
		Sword1:AddButton("Dual Katana [$12K]")
		Sword1:AddButton("Iron Mace [$25K]")
		Sword1:AddButton("Triple Katana [$60K]")
		Sword1:AddButton("Pipe [$100K]")
		Sword1:AddButton("Dual-Headed Blade [$400K]")
		Sword1:AddButton("Soul Cane [$750K]")
		Sword1:AddButton("Bisento [$1M]")
		local StyleV1 = Misc2:AddGroupbox(Front..'Fighting Style [V1]'..Back)
		StyleV1:AddButton("Dark Step [$150K]")
		StyleV1:AddButton("Electro [$500K]")
		StyleV1:AddButton("Fishman Karate [$750K]")
		StyleV1:AddButton("Dragon Claw [f1.5K]")
		StyleV1:AddButton("Superhuman [$3M]")
		local StyleV2 = Misc2:AddGroupbox(Front..'Fighting Style [V2]'..Back)
		StyleV2:AddButton("Death Step [$2.5M & f5K]")
		StyleV2:AddButton("Electric Claw [$3M & f5K]")
		StyleV2:AddButton("Sharkman Karate [$2.5M & f5K]")
		StyleV2:AddButton("Dragon Talon [$3M & f5K]")
		StyleV2:AddButton("Godhuman [$5M & f5K]")
		local Abilities = Tabs.Miscellaneous:AddRightGroupbox(Front..'Misc'..Back)
		Abilities:AddButton("Random Fruit")
		Abilities:AddButton("Random Race [f3K]")
		Abilities:AddButton("Reset Stats [f2.5K]")
		Abilities:AddLabel("Abilities")
		Abilities:AddButton("Geppo [$10K]")
		Abilities:AddButton("Buso Haki [$25K]")
		Abilities:AddButton("Soru [$250K]")
		Abilities:AddButton("Observation Haki [$750K]")
		local Accessory1 = Tabs.Miscellaneous:AddRightGroupbox(Front..'Accessory'..Back)
		Accessory1:AddButton("Black Cape [$50K]")
		Accessory1:AddButton("Swordsman Hat [$150K]")
		Accessory1:AddButton("Tomoe Ring [$500K]")
	end
end

if game:GetService("RunService"):IsStudio() then
	window.Holder.Visible = true
	return
else
	spawn(function()
		while task.wait((20*60)-10) do
			game:GetService'VirtualUser':CaptureController()
			game:GetService'VirtualUser':Button1Down(Vector2.new(50,50))
			task.wait(10)
		end
	end)
end

do--Systems	
	getgenv().AttackCD = .1
	local fastattack = false

	local FuncCancel = {}
	local Settings = {}
	local HttpService = game:GetService("HttpService")
	local world1,world2,world3
	local SaveFileName = "SiON.json"

	function SaveSettings()
		if not isfolder("SiON Hub") then
			makefolder("SiON Hub")
		end
		Settings = {}
		table.insert(Settings,Toggles)
		table.insert(Settings,Options)
		table.insert(Settings,Buttons)
		table.insert(Settings,Signals)
		writefile("SiON Hub/" .. SaveFileName, HttpService:JSONEncode(Settings))
	end

	function ReadSetting()
		local s,e = pcall(function()
			if not isfolder("SiON Hub") then
				makefolder("SiON Hub")
			end
			return HttpService:JSONDecode(readfile("SiON Hub/" .. SaveFileName))
		end)
		if s then
			return HttpService:JSONDecode(readfile("SiON Hub/" .. SaveFileName))
		elseif e then
			SaveSettings()
		end
	end
	Settings = ReadSetting()
	if Settings then
		for s,t in pairs(Settings) do
			for i,v in pairs(t) do
				if Toggles[i] and typeof(v.Value) == "boolean" then
					Toggles[i]:SetValue(v.Value)
				elseif Options[i] and typeof(v.Values) == "table" and #v.Values > 0 then
					print(i,v.Value)
					Options[i].Values = v.Values
					Options[i]:SetValues()
					if #Options[i].Values > 0 and typeof(v.Value) ~= "table" and v.Value ~= nil then
						Options[i]:SetValue(Options[i].Values[table.find(Options[i].Values,v.Value)])
					end
				end
			end
		end
		writefile("SiON Hub/" .. SaveFileName, "")
	end

	local oldserver = nil
	local checkserver = {}
	function HopServer()
		local function Hop()
			for i=1,100 do
				local huhu = game:GetService("ReplicatedStorage").__ServerBrowser:InvokeServer(i)
				for k,v in pairs(huhu) do
					if k~=game.JobId and v.Count < 10 then
						if checkserver[k] == nil and k ~= oldserver then
							checkserver[k] = true
							SaveSettings()
							oldserver = k
							game:GetService("ReplicatedStorage").__ServerBrowser:InvokeServer("teleport",k)
							return true
						end
					end
				end
			end
			return false
		end
		if not getgenv().Loaded then
			local function child(v)
				if v.Name == "ErrorPrompt" then
					if v.Visible then
						if v.TitleFrame.ErrorTitle.Text == "Teleport Failed" then
							HopServer()
						end
					end
					v:GetPropertyChangedSignal("Visible"):Connect(function()
						if v.Visible then
							if v.TitleFrame.ErrorTitle.Text == "Teleport Failed" then
								HopServer()
							end
						end
					end)
				end
			end
			for k,v in pairs(game:GetService("CoreGui").RobloxPromptGui.promptOverlay:GetChildren()) do
				child(v)
			end
			game:GetService("CoreGui").RobloxPromptGui.promptOverlay.ChildAdded:Connect(child)
			getgenv().Loaded = true
		end
		while not Hop() do wait() end
		SaveSettings()
	end

	repeat wait() 
		pcall(function()
			if getgenv().team == "Marine" then
				for i,v in pairs(getconnections(game:GetService("Players").LocalPlayer.PlayerGui.Main.ChooseTeam.Container.Marines.Frame.ViewportFrame.TextButton.Activated)) do
					v.Function()
				end
			else
				for i,v in pairs(getconnections(game:GetService("Players").LocalPlayer.PlayerGui.Main.ChooseTeam.Container.Pirates.Frame.ViewportFrame.TextButton.Activated)) do
					v.Function()
				end
			end
		end)
	until game:GetService("Players").LocalPlayer.Team ~= nil

	function CheckFastAttack()
		if 
			Toggles['Auto Farm'].Value or
			Toggles['Auto Farm Boss'].Value or
			Toggles["Auto Mastery Gun"].Value or
			Toggles["Auto Mastery Fruit"].Value or
			Toggles["Auto Farm Cake Prince"].Value or
			Toggles["Auto Farm Elite Hunter"].Value or
			Toggles['Auto Farm Indra'].Value or
			Toggles['Auto to World 2'].Value or
			Toggles['Auto to World 3'].Value or
			Toggles['FastAttack'].Value or
			fastattack == true
		then 
			return true
		end
		return false
	end

	function BodyClip()
		if not game:GetService("Players").LocalPlayer.Character.HumanoidRootPart:FindFirstChild("BodyClip") then
			local Noclip = Instance.new("BodyVelocity")
			Noclip.Name = "BodyClip"
			Noclip.Parent = game:GetService("Players").LocalPlayer.Character.HumanoidRootPart
			Noclip.MaxForce = Vector3.new(100000,100000,100000)
			Noclip.Velocity = Vector3.new(0,0,0)
		end
	end

	if game.PlaceId == 2753915549 then -- world 1
		world1 = true
	elseif game.PlaceId == 4442272183 then -- world 2
		world2 = true
	elseif game.PlaceId == 7449423635 then -- world 3
		world3 = true
	end

	local ItemType = {
		Melee = {
			"Melee",
			"Black Leg",
			"Electro",
			"Dragon Claw",
			"SuperHuman",
			"GodHuman",
		},
		Sword = {
			"Cutlass",
			"Katana",
			"Dual Katana",
			"Iron Mace",
			"Triple Katana",
			"Pipe",
			"Dual-Headed Blade",
			"Soul Cane",
			"Bisento",
		},
		Gun = {
			'Slingshot',
			'Flintlock',
			'Musket',
			'Cannon',
			'Refined Flintlock',
			'Refined Musket',
			'Refined Slingshot',
			'Bazooka',
			'Acidum Rifle',
			'Bizarre Rifle',
			'Kabucha',
			'Serpent Bow',
			'Soul Guitar'
		}
	}

	local TPLOC,TP_POS,BypassNext = {},{},{}
	local bypasscd = false
	function ByPass(CF)
		if bypasscd then return end
		pcall(function()
			game:GetService("Players").LocalPlayer.Character.HumanoidRootPart.BodyClip:Destroy()
		end)
		bypasscd = true
		local function gettobypass()
			pcall(function()
				game.Players.LocalPlayer.Character.HumanoidRootPart.CFrame = CF
				game.Players.LocalPlayer.Character.Head:Destroy()
				wait()
				game.Players.LocalPlayer.Character.HumanoidRootPart.CFrame = CF
				game:GetService("ReplicatedStorage"):WaitForChild("Remotes"):WaitForChild("CommF_"):InvokeServer("SetSpawnPoint")
			end)
		end
		local checkbypass, oldchar = false, game.Players.LocalPlayer.Character
		if game.Players.LocalPlayer.Character and game.Players.LocalPlayer.Character:FindFirstChild("HumanoidRootPart") and (game.Players.LocalPlayer.Character.HumanoidRootPart.Position-CF.Position).Magnitude < 500 then
			game.Players.LocalPlayer.Character.HumanoidRootPart.CFrame = CF
			bypasscd = false
		else
			while bypasscd do
				if Library.ScreenGui.Parent == nil then break end
				gettobypass()
				if not checkbypass then
					checkbypass = true
					repeat
						pcall(function()
							game.Players.LocalPlayer.Character.HumanoidRootPart.CFrame = CF
							game:GetService("ReplicatedStorage"):WaitForChild("Remotes"):WaitForChild("CommF_"):InvokeServer("SetSpawnPoint")
						end)
						wait(.1)
					until oldchar ~= game.Players.LocalPlayer.Character
					oldchar = game.Players.LocalPlayer.Character
					wait(1)
					if oldchar and game.Players.LocalPlayer.Character and oldchar == game.Players.LocalPlayer.Character and oldchar:FindFirstChild("HumanoidRootPart") and (oldchar.HumanoidRootPart.Position-CF.Position).Magnitude < 1600 then
						bypasscd = false
					end
					checkbypass = false
				end
				wait(.1)
			end
		end
	end
	function Tween(Pos,obj,speed)
		local tweenfunc = {}
		local Distance = (Pos.Position - game.Players.LocalPlayer.Character.HumanoidRootPart.Position).Magnitude
		if game.Players.LocalPlayer.Character.Humanoid.Sit == true then
			game.Players.LocalPlayer.Character.Humanoid.Sit = false
		end
		local tweenGG = game:GetService("TweenService"):Create(obj or (not obj and game.Players.LocalPlayer.Character.HumanoidRootPart),TweenInfo.new(Distance/(speed or 350), Enum.EasingStyle.Linear	),{CFrame = Pos})
		if tweenGG==nil then return end
		tweenGG:Play()
		function tweenfunc:Stop()
			tweenGG:Cancel()
			return tweenGG
		end
		tweenfunc["Time"] = tweenGG.TweenInfo.Time

		if not tweenGG then return tweenGG end
		return tweenfunc
	end
	function NearMeByPass(pos)
		local player = game:GetService("Players").LocalPlayer
		local char = player.Character
		if (char and char:FindFirstChild("God's Chalice")) or player.Backpack:FindFirstChild("God's Chalice") then return end
		local BestPosition,dis
		for ip,vp in  pairs(TP_POS) do
			if (dis == nil or (dis and ((pos.Position-vp.Position).Magnitude < dis))) and BypassNext[table.find(TPLOC,ip)] ~= true then
				dis = (pos.Position-vp.Position).Magnitude
				BestPosition = vp	
			end
		end
		if BestPosition then
			ByPass(BestPosition)
		end
	end

	local restartcd = false
	function restartbringmon()
		if restartcd then return end
		restartcd = true
		workspace.CurrentCamera.CameraType = Enum.CameraType.Scriptable
		workspace.CurrentCamera.CFrame = CFrame.new(0,100000,0)
		wait(1)
		workspace.CurrentCamera.CameraType = Enum.CameraType.Custom
		wait(5)
		restartcd = false
	end

	pcall(function()
		game:GetService("ReplicatedStorage").Effect.Container.Death:Destroy()
		game:GetService("ReplicatedStorage").Effect.Container.Misc:Destroy()
		game:GetService("ReplicatedStorage").Effect.Container.Hit:Destroy()
	end)

	do--Genaral
		do--AutoFarm
			Toggles["Auto Farm"]:OnChanged(function(Value)
				if Value then
					BodyClip()
				else
					StartMagnet = false
					pcall(function()
						if AutoTween then
							AutoTween:Stop()
							if game:GetService("Players").LocalPlayer.Character.HumanoidRootPart:FindFirstChild("BodyClip") then
								game:GetService("Players").LocalPlayer.Character.HumanoidRootPart.BodyClip:Destroy()
							end
						end
					end)
				end
			end)
			local CbFw = debug.getupvalues(require(game.Players.LocalPlayer.PlayerScripts.CombatFramework))
			local CbFw2 = CbFw[2]
			function GetCurrentBlade()
				local p13 = CbFw2.activeController
				local ret = p13.blades[1]
				if not ret then return end
				while ret.Parent~=game.Players.LocalPlayer.Character do
					ret=ret.Parent
				end
				return ret
			end
			function AttackNoCD()
				local AC = CbFw2.activeController
				for i = 1, 1 do
					local bladehit = require(game.ReplicatedStorage.CombatFramework.RigLib).getBladeHits( game.Players.LocalPlayer.Character, {game.Players.LocalPlayer.Character.HumanoidRootPart}, 60 )
					local cac = {}
					local hash = {}
					for k, v in pairs(bladehit) do
						if (v.Parent:FindFirstChild("HumanoidRootPart") and not hash[v.Parent]) then
							table.insert(cac, v.Parent.HumanoidRootPart)
							hash[v.Parent] = true
						end
					end
					bladehit = cac
					if #bladehit > 0 then
						local u8 = debug.getupvalue(AC.attack, 5)
						local u9 = debug.getupvalue(AC.attack, 6)
						local u7 = debug.getupvalue(AC.attack, 4)
						local u10 = debug.getupvalue(AC.attack, 7)
						local u12 = (u8 * 798405 + u7 * 727595) % u9
						local u13 = u7 * 798405 (function()
							u12 = (u12 * u9 + u13) % 1099511627776
							u8 = math.floor(u12 / u9)u7 = u12 - u8 * u9
						end)()
						u10 = u10 + 1 debug.setupvalue(AC.attack, 5, u8)
						debug.setupvalue(AC.attack, 6, u9)
						debug.setupvalue(AC.attack, 4, u7)
						debug.setupvalue(AC.attack, 7, u10)
						pcall(function()
							for k, v in pairs(AC.animator.anims.basic) do
								v:Play()
							end
						end)
						if game.Players.LocalPlayer.Character:FindFirstChildOfClass("Tool") and AC.blades and AC.blades[1] then
							game:GetService("ReplicatedStorage").RigControllerEvent:FireServer("weaponChange",tostring(GetCurrentBlade()))
							game.ReplicatedStorage.Remotes.Validator:FireServer(math.floor(u12 / 1099511627776 * 16777215), u10)
							game:GetService("ReplicatedStorage").RigControllerEvent:FireServer("hit", bladehit, i, "")
						end
					end
				end
			end
			require(game.ReplicatedStorage.Util.CameraShaker):Stop()
			task.spawn(function()
				while wait(getgenv().AttackCD) do
					if Library.ScreenGui.Parent == nil then break end
					pcall(function()
						if CheckFastAttack() then 
							AttackNoCD()
						end
					end)
				end
			end)
			local CameraShaker = require(game.ReplicatedStorage.Util.CameraShaker)
			CombatFrameworkR = require(game:GetService("Players").LocalPlayer.PlayerScripts.CombatFramework)
			y = debug.getupvalues(CombatFrameworkR)[2]
			Library:GiveSignal(game:GetService("RunService").RenderStepped:Connect(function()
				if CheckFastAttack() then 
					if typeof(y) == "table" then
						pcall(function()
							CameraShaker:Stop()
							y.activeController.timeToNextAttack = -10
							y.activeController.timeToNextAttack = 0
							y.activeController.hitboxMagnitude = 100
							y.activeController.active = false
							y.activeController.timeToNextBlock = 0
							y.activeController.focusStart = 0
							y.activeController.increment = 0
							y.activeController.blocking = false
							y.activeController.attacking = false
							y.activeController.humanoid.AutoRotate = true
						end)
					end
				end
			end))
			Library:GiveSignal(game:GetService("RunService").RenderStepped:Connect(function()
				pcall(function()
					if CheckFastAttack() then 
						game.Players.LocalPlayer.Character.Stun.Value = 0
						game.Players.LocalPlayer.Character.Humanoid.Sit = false
						game.Players.LocalPlayer.Character.Busy.Value = false
					end
				end)
			end))
			function QuestCheck()
				BringCFrame,MagBring = nil,300
				local bypassrange = 1200
				local SQuest = Options["Select Quests"].Value
				MyLevel = game:GetService("Players").LocalPlayer.Data.Level.Value
				if SQuest ~= "Automatic Quests [Lv. 1-700]" or SQuest ~= "Automatic Quests [Lv. 700-1500]" or SQuest ~= "Automatic Quests [Lv. 1500-2450]" then
					if SQuest ==  'Bandit [Lv. 0-9]' then
						MyLevel = 1
					elseif SQuest == 'Monkey [Lv. 10-14]' then
						MyLevel = 10
					elseif SQuest == 'Gorilla [Lv. 15-29]' then
						MyLevel = 15
					elseif SQuest == 'Pirate [Lv. 30-39]' then
						MyLevel = 30
					elseif SQuest == 'Brute [Lv. 40-59]' then
						MyLevel = 40
					elseif SQuest == 'Desert Bandits [Lv. 60-74]' then
						MyLevel = 60
					elseif SQuest == 'Desert Officers [Lv. 75-89]' then
						MyLevel = 75
					elseif SQuest == 'Snow Bandit [Lv. 90-99]' then
						MyLevel = 90
					elseif SQuest == 'Snowman [Lv. 100-104]' then
						MyLevel = 100
					elseif SQuest == 'Chief Petty Officer [Lv. 120-149]' then
						MyLevel = 120
					elseif SQuest == 'Sky Bandit [Lv. 150-174]' then
						MyLevel = 150
					elseif SQuest == 'Dark Master [Lv. 175-189]' then
						MyLevel = 175
					elseif SQuest == 'Prisoners [Lv. 190-209]' then
						MyLevel = 190
					elseif SQuest == 'Dangerous Prisoners [Lv. 210-249]' then
						MyLevel = 210
					elseif SQuest == 'Toga Warriors [Lv. 250-274]' then
						MyLevel = 250
					elseif SQuest == 'Gladiators [Lv. 275-299]' then
						MyLevel = 275
					elseif SQuest == 'Mil. Soldiers [Lv. 300-324]' then
						MyLevel = 300
					elseif SQuest == 'Mil. Spies [Lv. 325-374]' then
						MyLevel = 325
					elseif SQuest == 'Fishman Warriors [Lv. 375-399]' then
						MyLevel = 375
					elseif SQuest == 'Fishman Commandos [Lv. 400-449]' then
						MyLevel = 400
					elseif SQuest == "God's Guards [Lv. 450-474]" then
						MyLevel = 450
					elseif SQuest == 'Shandas [Lv. 475-524]' then
						MyLevel = 475
					elseif SQuest == 'Royal Squads [Lv. 525-549]' then
						MyLevel = 525
					elseif SQuest == 'Royal Soldiers [Lv. 550-624]' then
						MyLevel = 550
					elseif SQuest == 'Galley Pirates [Lv. 625-649]' then
						MyLevel = 625
					elseif SQuest == 'Galley Captains [Lv. 650-700]' then
						MyLevel = 650
					elseif SQuest == 'Raider [Lv. 700-724]' then
						MyLevel = 700
					elseif SQuest == 'Mercenary [Lv. 725-774]' then
						MyLevel = 725
					elseif SQuest == 'Swan Pirate [Lv. 775-799]' then
						MyLevel = 775
					elseif SQuest == 'Factory Staff [Lv. 800-874]' then
						MyLevel = 800
					elseif SQuest == 'Marine Lieutenant [Lv. 875-899]' then
						MyLevel = 875
					elseif SQuest == 'Marine Captain [Lv. 900-949]' then
						MyLevel = 900
					elseif SQuest == 'Zombie [Lv. 950-974]' then
						MyLevel = 950
					elseif SQuest == 'Vampire [Lv. 975-999]' then
						MyLevel = 975
					elseif SQuest == 'Snow Trooper [Lv. 1000]' then
						MyLevel = 1000
					elseif SQuest == 'Winter Warrior [Lv. 1050-1099]' then
						MyLevel = 1050
					elseif SQuest == 'Lab Subordinate [Lv. 1100-1124]' then
						MyLevel = 1100
					elseif SQuest == 'Horned Warrior [Lv. 1125-1174]' then
						MyLevel = 1125
					elseif SQuest == 'Magma Ninja [Lv. 1175-1199]' then
						MyLevel = 1175
					elseif SQuest == 'Lava Pirate [Lv. 1200-1249]' then
						MyLevel = 1200
					elseif SQuest == 'Ship Deckhand [Lv. 1250-1274]' then
						MyLevel = 1250
					elseif SQuest == 'Ship Engineer [Lv. 1275-1299]' then
						MyLevel = 1275					
					elseif SQuest == 'Ship Steward [Lv. 1300-1324]' then
						MyLevel = 1300
					elseif SQuest == 'Ship Officer [Lv. 1325-1349]' then
						MyLevel = 1325
					elseif SQuest == 'Arctic Warrior [Lv. 1350-1374]' then
						MyLevel = 1350
					elseif SQuest == 'Snow Lurker [Lv. 1375-1424]' then
						MyLevel = 1375
					elseif SQuest == 'Sea Soldier [Lv. 1425-1449]' then
						MyLevel = 1425
					elseif SQuest == 'Water Fighter [Lv. 1450-1499]' then
						MyLevel = 1450
					elseif SQuest == 'Pirate Millionaire [Lv. 1500-1524]' then
						MyLevel = 1500
					elseif SQuest == 'Pistol Billionaire [Lv. 1525-1574]' then
						MyLevel = 1525
					elseif SQuest == 'Dragon Crew Warrior [Lv. 1575-1599]' then
						MyLevel = 1575
					elseif SQuest == 'Dragon Crew Archer [Lv. 1600-1624]' then
						MyLevel = 1600
					elseif SQuest == 'Female Islander [Lv. 1625-1649]' then
						MyLevel = 1625
					elseif SQuest == 'Giant Islander [Lv. 1650-1699]' then
						MyLevel = 1650
					elseif SQuest == 'Marine Commodore [Lv. 1700-1724]' then
						MyLevel = 1700
					elseif SQuest == 'Marine Rear Admiral [Lv. 1725-1774]' then
						MyLevel = 1725
					elseif SQuest == 'Fishman Raider [Lv. 1775-1799]' then
						MyLevel = 1775
					elseif SQuest == 'Fishman Captain [Lv. 1800-1824]' then
						MyLevel = 1800
					elseif SQuest == 'Forest Pirate [Lv. 1825-1849]' then
						MyLevel = 1825
					elseif SQuest == 'Mythological Pirate [Lv. 1850-1899]' then
						MyLevel = 1850
					elseif SQuest == 'Jungle Pirate [Lv. 1900-1924]' then
						MyLevel = 1900
					elseif SQuest == 'Musketeer Pirate [Lv. 1925-1974]' then
						MyLevel = 1925
					elseif SQuest == 'Reborn Skeleton [Lv. 1975-1999]' then
						MyLevel = 1975
					elseif SQuest == 'Living Zombie [Lv. 2000-2024]' then
						MyLevel = 2000
					elseif SQuest == 'Demonic Soul [Lv. 2025-2049]' then
						MyLevel = 2025
					elseif SQuest == 'Posessed Mummy [Lv. 2050-2074]' then
						MyLevel = 2050
					elseif SQuest == 'Peanut Scout [Lv. 2075-2099]' then
						MyLevel = 2075
					elseif SQuest == 'Peanut President [Lv. 2100-2124]' then
						MyLevel = 2100
					elseif SQuest == 'Ice Cream Chef [Lv. 2125-2149]' then
						MyLevel = 2125
					elseif SQuest == 'Ice Cream Commander [Lv. 2150-2199]' then
						MyLevel = 2150
					elseif SQuest == 'Cookie Crafter [Lv. 2200-2224]' then
						MyLevel = 2200
					elseif SQuest == 'Cake Guard [Lv. 2225-2249]' then
						MyLevel = 2225
					elseif SQuest == 'Baking Staff [Lv. 2250-2274]' then
						MyLevel = 2250
					elseif SQuest == 'Head Baker [Lv. 2275-2299]' then
						MyLevel = 2275
					elseif SQuest == 'Cocoa Warrior [Lv. 2300-2324]' then
						MyLevel = 2300
					elseif SQuest == 'Chocolate Bar Battler [Lv. 2325-2349]' then
						MyLevel = 2325
					elseif SQuest == 'Sweet Thief [Lv. 2350-2374]' then
						MyLevel = 2350
					elseif SQuest == 'Candy Rebel [Lv. 2375-2399]' then
						MyLevel = 2375
					elseif SQuest == 'Candy Pirate [Lv. 2400-2424]' then
						MyLevel = 2400
					elseif SQuest == 'Snow Demon [Lv. 2425-2450]' then
						MyLevel = 2425
					elseif SQuest == '' then
						MyLevel = 9999
					end
				end
				if world1 then
					if MyLevel == 1 or MyLevel <= 9 then
						Mon = "Bandit [Lv. 5]"
						LevelQuest = 1
						NameQuest = "BanditQuest1"
						NameMon = "Bandit"
						CFrameQuest = CFrame.new(1059.37195, 15.4495068, 1550.4231, 0.939700544, -0, -0.341998369, 0, 1, -0, 0.341998369, 0, 0.939700544)
						CFrameMon = CFrame.new(1059.37195, 15.4495068, 1550.4231, 0.939700544, -0, -0.341998369, 0, 1, -0, 0.341998369, 0, 0.939700544)
						MagBring = 300
						BringCFrame = CFrame.new(1111.354736328125, 16.273609161376953, 1612.365234375)
					elseif MyLevel == 10 or MyLevel <= 14 then
						Mon = "Monkey [Lv. 14]"
						LevelQuest = 1
						NameQuest = "JungleQuest"
						NameMon = "Monkey"
						CFrameQuest = CFrame.new(-1598.08911, 35.5501175, 153.377838, 0, 0, 1, 0, 1, -0, -1, 0, 0)
						CFrameMon = CFrame.new(-1598.08911, 35.5501175, 153.377838, 0, 0, 1, 0, 1, -0, -1, 0, 0)
						BringCFrame = CFrame.new(-1580.728759765625, 15.852142333984375, 117.72442626953125)
						MagBring = 350
					elseif MyLevel == 15 or MyLevel <= 29 then
						Mon = "Gorilla [Lv. 20]"
						LevelQuest = 2
						NameQuest = "JungleQuest"
						NameMon = "Gorilla"
						CFrameQuest = CFrame.new(-1598.08911, 35.5501175, 153.377838, 0, 0, 1, 0, 1, -0, -1, 0, 0)
						CFrameMon = CFrame.new(-1301.87988, 18.6214523, -468.544769, 0.164645091, -1.12205412e-09, 0.986352861, -5.18567367e-09, 1, 2.00318762e-09, -0.986352861, -5.44471934e-09, 0.164645091)
						BringCFrame = CFrame.new(-1244.5074462890625, 6.27936315536499, -520.6639404296875)
					elseif MyLevel == 30 or MyLevel <= 39 then
						Mon = "Pirate [Lv. 35]"
						LevelQuest = 1
						NameQuest = "BuggyQuest1"
						NameMon = "Pirate"
						CFrameQuest = CFrame.new(-1141.07483, 4.10001802, 3831.5498, 0.965929627, -0, -0.258804798, 0, 1, -0, 0.258804798, 0, 0.965929627)
						CFrameMon = CFrame.new(-1141.07483, 4.10001802, 3831.5498, 0.965929627, -0, -0.258804798, 0, 1, -0, 0.258804798, 0, 0.965929627)
						BringCFrame = CFrame.new(-1128.8497314453125, 4.752050399780273, 3953.427490234375)
					elseif MyLevel == 40 or MyLevel <= 59 then
						Mon = "Brute [Lv. 45]"
						LevelQuest = 2
						NameQuest = "BuggyQuest1"
						NameMon = "Brute"
						CFrameQuest = CFrame.new(-1141.07483, 4.10001802, 3831.5498, 0.965929627, -0, -0.258804798, 0, 1, -0, 0.258804798, 0, 0.965929627)
						CFrameMon = CFrame.new(-1144.44861, 90.5594559, 4307.25928, -0.998438537, 0, 0.0558618344, 0, 1, 0, -0.0558618344, 0, -0.998438537)
						BringCFrame = CFrame.new(-1140.5859375, 14.809873580932617, 4323.18505859375)
						MagBring = 300
					elseif MyLevel == 60 or MyLevel <= 74 then
						Mon = "Desert Bandit [Lv. 60]"
						LevelQuest = 1
						NameQuest = "DesertQuest"
						NameMon = "Desert Bandit"
						CFrameQuest = CFrame.new(894.488647, 5.14000702, 4392.43359, 0.819155693, -0, -0.573571265, 0, 1, -0, 0.573571265, 0, 0.819155693)
						CFrameMon = CFrame.new(875.078369140625, 15.128475189208984, 4415.2958984375)
						BringCFrame = CFrame.new(925.5205078125, 6.448624134063721, 4484.0810546875)
					elseif MyLevel == 75 or MyLevel <= 89 then
						Mon = "Desert Officer [Lv. 70]"
						LevelQuest = 2
						NameQuest = "DesertQuest"
						NameMon = "Desert Officer"
						CFrameQuest = CFrame.new(894.488647, 5.14000702, 4392.43359, 0.819155693, -0, -0.573571265, 0, 1, -0, 0.573571265, 0, 0.819155693)
						CFrameMon = CFrame.new(1580.03198, 4.61375761, 4366.86426)
						BringCFrame = CFrame.new(1610.7833251953125, 1.6109551191329956, 4364.15478515625)
					elseif MyLevel == 90 or MyLevel <= 99 then
						Mon = "Snow Bandit [Lv. 90]"
						LevelQuest = 1
						NameQuest = "SnowQuest"
						NameMon = "Snow Bandit"
						CFrameQuest = CFrame.new(1389.74451, 88.1519318, -1298.90796, -0.342042685, 0, 0.939684391, 0, 1, 0, -0.939684391, 0, -0.342042685)
						CFrameMon = CFrame.new(1389.74451, 88.1519318, -1298.90796, -0.342042685, 0, 0.939684391, 0, 1, 0, -0.939684391, 0, -0.342042685)
						BringCFrame = CFrame.new(1342.3519287109375, 87.27276611328125, -1435.3636474609375)
					elseif MyLevel == 100 or MyLevel <= 119 then
						Mon = "Snowman [Lv. 100]"
						LevelQuest = 2
						NameQuest = "SnowQuest"
						NameMon = "Snowman"
						CFrameQuest = CFrame.new(1389.74451, 88.1519318, -1298.90796, -0.342042685, 0, 0.939684391, 0, 1, 0, -0.939684391, 0, -0.342042685)
						CFrameMon = CFrame.new(1219.41699, 138.011841, -1488.83533, 0.454580516, -2.09909725e-08, 0.890705645, -5.07270173e-08, 1, 4.94557177e-08, -0.890705645, -6.76644447e-08, 0.454580516)
						BringCFrame = CFrame.new(1176.95947265625, 105.77180480957031, -1498.2449951171875)
					elseif MyLevel == 120 or MyLevel <= 149 then
						Mon = "Chief Petty Officer [Lv. 120]"
						LevelQuest = 1
						NameQuest = "MarineQuest2"
						NameMon = "Chief Petty Officer"
						CFrameQuest = CFrame.new(-5039.58643, 27.3500385, 4324.68018, 0, 0, -1, 0, 1, 0, 1, 0, 0)
						CFrameMon = CFrame.new(-4868.06005859375, 22.65203857421875, 4295.31005859375)
					elseif MyLevel == 150 or MyLevel <= 174 then
						Mon = "Sky Bandit [Lv. 150]"
						LevelQuest = 1
						NameQuest = "SkyQuest"
						NameMon = "Sky Bandit"
						CFrameQuest = CFrame.new(-4839.53027, 716.368591, -2619.44165, 0.866007268, 0, 0.500031412, 0, 1, 0, -0.500031412, 0, 0.866007268)
						CFrameMon = CFrame.new(-4970.74219, 294.544342, -2890.11353)
						BringCFrame = CFrame.new(-4949.97802734375, 278.06622314453125, -2843.165283203125)
					elseif MyLevel == 175 or MyLevel <= 189 then
						Mon = "Dark Master [Lv. 175]"
						LevelQuest = 2
						NameQuest = "SkyQuest"
						NameMon = "Dark Master"
						CFrameQuest = CFrame.new(-4839.53027, 716.368591, -2619.44165, 0.866007268, 0, 0.500031412, 0, 1, 0, -0.500031412, 0, 0.866007268)
						CFrameMon = CFrame.new(-5220.58594, 430.693298, -2278.17456)
						BringCFrame = CFrame.new(-5243.705078125, 388.6519470214844, -2248.061279296875)
					elseif MyLevel == 190 or MyLevel <= 209 then
						getgenv().AttackCD = .1
						Mon = "Prisoner [Lv. 190]"
						LevelQuest = 1
						NameQuest = "PrisonerQuest"
						NameMon = "Prisoner"
						CFrameQuest = CFrame.new(5308.93115, 1.65517521, 475.120514, -0.0894274712, -5.00292918e-09, -0.995993316, 1.60817859e-09, 1, -5.16744869e-09, 0.995993316, -2.06384709e-09, -0.0894274712)
						CFrameMon = CFrame.new(5308.93115, 1.65517521, 475.120514, -0.0894274712, -5.00292918e-09, -0.995993316, 1.60817859e-09, 1, -5.16744869e-09, 0.995993316, -2.06384709e-09, -0.0894274712)
					elseif MyLevel == 210 or MyLevel <= 249 then
						getgenv().AttackCD = .1
						Mon = "Dangerous Prisoner [Lv. 210]"
						LevelQuest = 2
						NameQuest = "PrisonerQuest"
						NameMon = "Dangerous Prisoner"
						CFrameQuest = CFrame.new(5308.93115, 1.65517521, 475.120514, -0.0894274712, -5.00292918e-09, -0.995993316, 1.60817859e-09, 1, -5.16744869e-09, 0.995993316, -2.06384709e-09, -0.0894274712)
						CFrameMon = CFrame.new(5308.93115, 1.65517521, 475.120514, -0.0894274712, -5.00292918e-09, -0.995993316, 1.60817859e-09, 1, -5.16744869e-09, 0.995993316, -2.06384709e-09, -0.0894274712)
					elseif MyLevel == 250 or MyLevel <= 274 then
						Mon = "Toga Warrior [Lv. 250]"
						LevelQuest = 1
						NameQuest = "ColosseumQuest"
						NameMon = "Toga Warrior"
						CFrameQuest = CFrame.new(-1580.04663, 6.35000277, -2986.47534, -0.515037298, 0, -0.857167721, 0, 1, 0, 0.857167721, 0, -0.515037298)
						CFrameMon = CFrame.new(-1779.97583, 44.6077499, -2736.35474)
						BringCFrame = CFrame.new(-1913.54150390625, 7.289072036743164, -2785.1083984375)
						MagBring = 250
					elseif MyLevel == 275 or MyLevel <= 299 then
						Mon = "Gladiator [Lv. 275]"
						LevelQuest = 2
						NameQuest = "ColosseumQuest"
						NameMon = "Gladiator"
						CFrameQuest = CFrame.new(-1580.04663, 6.35000277, -2986.47534, -0.515037298, 0, -0.857167721, 0, 1, 0, 0.857167721, 0, -0.515037298)
						CFrameMon = CFrame.new(-1412.88586, 7.44255638, -3270.89868, 0.540070057, 0, 0.841620088, 0, 1, 0, -0.841620088, 0, 0.540070057)
					elseif MyLevel == 300 or MyLevel <= 324 then
						Mon = "Military Soldier [Lv. 300]"
						LevelQuest = 1
						NameQuest = "MagmaQuest"
						NameMon = "Military Soldier"
						CFrameQuest = CFrame.new(-5313.37012, 10.9500084, 8515.29395, -0.499959469, 0, 0.866048813, 0, 1, 0, -0.866048813, 0, -0.499959469)
						CFrameMon = CFrame.new(-5363.01123, 41.5056877, 8548.47266)
						BringCFrame = {
							CFrame.new(-5559.33984375, 16.46579360961914, 8383.7119140625),
							CFrame.new(-5339.42724609375, 8.590673446655273, 8624.1259765625)
						}
						MagBring = 150
					elseif MyLevel == 325 or MyLevel <= 374 then
						Mon = "Military Spy [Lv. 325]"
						LevelQuest = 2
						NameQuest = "MagmaQuest"
						NameMon = "Military Spy"
						CFrameQuest = CFrame.new(-5313.37012, 10.9500084, 8515.29395, -0.499959469, 0, 0.866048813, 0, 1, 0, -0.866048813, 0, -0.499959469)
						CFrameMon = CFrame.new(-5926.0625, 57.0983391, 8898.3877, 0.820648372, -1.39857292e-09, -0.571433485, 5.01257647e-10, 1, -1.72761416e-09, 0.571433485, 1.13132836e-09, 0.820648372)
						BringCFrame = CFrame.new(-5867.43017578125, 77.23063659667969, 8779.2880859375)
					elseif MyLevel == 375 or MyLevel <= 399 then
						Mon = "Fishman Warrior [Lv. 375]"
						LevelQuest = 1
						NameQuest = "FishmanQuest"
						NameMon = "Fishman Warrior"
						CFrameQuest = CFrame.new(61122.65234375, 18.497442245483, 1569.3997802734)
						CFrameMon = CFrame.new(61163.8515625, 5.3073043823242, 1819.7841796875)
						BringCFrame = CFrame.new(60855.7265625, 18.471633911132812, 1462.99365234375)
						MagBring = 300
						if Toggles['Auto Farm'].Value and (CFrameQuest.Position - game.Players.LocalPlayer.Character.HumanoidRootPart.Position).Magnitude > 1200 then
							game:GetService("ReplicatedStorage"):WaitForChild("Remotes"):WaitForChild("CommF_"):InvokeServer("requestEntrance",Vector3.new(61163.8515625, 11.6796875, 1819.7841796875))
							return
						end
					elseif MyLevel == 400 or MyLevel <= 449 then
						Mon = "Fishman Commando [Lv. 400]"
						LevelQuest = 2
						NameQuest = "FishmanQuest"
						NameMon = "Fishman Commando"
						CFrameQuest = CFrame.new(61122.65234375, 18.497442245483, 1569.3997802734)
						CFrameMon = CFrame.new(61909.7539, 108.484055, 1561.8739, -0.276268601, 7.58251204e-08, 0.961080492, 5.23033243e-08, 1, -6.38607887e-08, -0.961080492, 3.26249712e-08, -0.276268601)
						BringCFrame = CFrame.new(61859.77734375, 18.482818603515625, 1490.2254638671875)
						MagBring = 300
						if Toggles['Auto Farm'].Value and (CFrameQuest.Position - game.Players.LocalPlayer.Character.HumanoidRootPart.Position).Magnitude > 1200 then
							game:GetService("ReplicatedStorage"):WaitForChild("Remotes"):WaitForChild("CommF_"):InvokeServer("requestEntrance",Vector3.new(61163.8515625, 11.6796875, 1819.7841796875))
							return
						end
					elseif MyLevel == 450 or MyLevel <= 474 then
						Mon = "God's Guard [Lv. 450]"
						LevelQuest = 1
						NameQuest = "SkyExp1Quest"
						NameMon = "God's Guard"
						CFrameQuest = CFrame.new(-4721.88867, 843.874695, -1949.96643, 0.996191859, -0, -0.0871884301, 0, 1, -0, 0.0871884301, 0, 0.996191859)
